1 4.434779
2 4.375340
3 4.375340
4 4.417528
5 4.388901
6 3.602716
7 4.472653
8 4.378909
9 4.335400
10 4.293212
11 4.365348
12 4.375340
13 4.468119
14 4.407535
15 4.365348
16 4.639456
17 4.375340
18 4.299204
19 4.476387
20 4.407535
21 4.388901
22 4.375340
23 4.425155
24 4.408185
25 4.375340
26 4.255997
27 4.375340
28 4.421096
29 4.365348
30 4.365348
31 4.513971
32 4.509879
33 4.375340
34 4.375340
35 4.437735
36 4.107961
37 4.365348
38 4.375340
39 4.375340
40 4.388901
41 4.317765
42 4.375340
43 4.321996
44 4.375340
45 4.388901
46 4.375340
47 4.256913
48 4.365348
49 4.259565
50 4.277449
51 4.345392
52 4.365348
53 4.471984
54 4.288287
55 4.365348
56 4.365348
57 4.378909
58 4.375340
59 4.375340
60 4.301003
61 4.375340
62 4.388901
63 4.310043
64 4.375340
65 4.375340
66 4.215306
67 4.493483
68 4.378909
69 4.365348
70 4.407535
71 4.472795
72 4.365348
73 4.417528
74 4.375340
75 4.468415
76 4.433627
77 4.463474
78 4.375340
79 4.492361
80 4.378909
81 4.375340
82 4.407535
83 4.375340
84 4.365348
85 4.375340
86 4.375340
87 4.323065
88 4.375340
89 4.527421
90 4.388901
91 4.365252
92 4.388901
93 4.313249
94 4.417398
95 4.319906
96 4.380730
97 4.417398
98 4.367169
99 4.354774
100 4.341213
101 4.417398
102 4.307530
103 4.417398
104 4.382270
105 4.341213
106 4.481847
107 4.417398
108 4.231394
109 4.341213
110 4.397266
111 4.341213
112 4.445929
113 4.432429
114 4.372648
115 4.468286
116 4.356182
117 4.341213
118 4.253314
119 4.341213
120 4.445990
121 4.445929
122 4.209624
123 4.495804
124 4.395700
125 4.404588
126 4.368413
127 4.341213
128 4.341213
129 4.431618
130 4.417398
131 4.341213
132 4.430959
133 4.321091
134 4.220536
135 4.307530
136 4.380730
137 4.307530
138 4.404429
139 4.346048
140 4.341213
141 4.265247
142 4.375115
143 4.430959
144 4.341213
145 4.908201
146 4.417398
147 4.341213
148 4.417398
149 4.087644
150 4.341213
151 4.418057
152 4.299547
153 4.338342
154 4.432429
155 4.266875
156 4.341213
157 4.341213
158 4.445929
159 4.298150
160 4.354774
161 4.465296
162 4.253314
163 4.248293
164 4.417398
165 4.211031
166 4.307530
167 4.468286
168 4.298150
169 4.298150
170 4.418057
171 4.307530
172 4.341213
173 4.175942
174 4.354774
175 4.311711
176 4.223185
177 4.341213
178 4.326053
179 4.387269
180 4.404588
181 4.417398
182 4.175542
183 4.432429
184 4.375360
185 4.517200
186 4.341213
187 4.367169
188 4.367169
189 4.417398
190 4.266875
191 4.249390
192 4.332042
193 4.417398
194 4.468286
195 4.341213
196 4.367169
197 4.341213
198 4.432429
199 4.430959
200 4.489785
201 4.354774
202 4.341213
203 4.431618
204 4.417398
205 4.487979
206 4.478857
207 4.341213
208 4.312491
209 4.253314
210 4.307530
211 4.307530
212 4.351057
213 4.274871
214 4.374705
215 4.351057
216 4.401944
217 4.274871
218 4.351057
219 4.351057
220 4.274871
221 4.351057
222 4.288432
223 4.186973
224 4.416174
225 4.274871
226 4.391175
227 4.274871
228 4.230416
229 4.351057
230 4.274871
231 4.274871
232 4.230416
233 4.274871
234 4.230416
235 4.355315
236 4.274871
237 4.274871
238 4.274871
239 4.142518
240 4.347258
241 4.274871
242 4.230416
243 4.166401
244 4.288432
245 4.243977
246 4.433885
247 4.274871
248 4.364618
249 4.404736
250 4.347258
251 4.274871
252 4.274871
253 4.305944
254 4.231809
255 4.288432
256 4.230416
257 4.216730
258 4.274871
259 4.230416
260 4.401944
261 4.274871
262 4.230416
263 4.274871
264 4.296746
265 4.302804
266 4.262066
267 4.274871
268 4.071422
269 4.423444
270 4.296746
271 4.423444
272 4.231809
273 4.351057
274 4.364618
275 4.401944
276 4.289841
277 4.274871
278 4.347258
279 4.351057
280 4.245370
281 4.274871
282 4.098428
283 4.296746
284 4.347258
285 4.274871
286 4.274871
287 4.401944
288 4.351057
289 4.261490
290 4.274871
291 4.423444
292 4.274871
293 4.138268
294 4.261490
295 4.305944
296 4.351057
297 4.274871
298 4.274871
299 4.138268
300 4.274871
301 4.274871
302 4.310187
303 4.274871
304 4.274871
305 4.232588
306 4.274871
307 4.423444
308 4.274871
309 4.056910
310 4.274871
311 4.274871
312 4.423444
313 4.305773
314 4.247773
315 4.419339
316 4.274871
317 4.288432
318 4.087851
319 4.401944
320 4.347258
321 4.073315
322 4.274871
323 4.243977
324 4.118650
325 4.184041
326 3.919189
327 4.168671
328 3.932750
329 3.888296
330 3.995375
331 4.008936
332 3.995375
333 3.786836
334 4.008936
335 4.044252
336 3.919189
337 3.997868
338 3.919189
339 3.932750
340 3.995375
341 3.995375
342 3.919189
343 3.950263
344 3.874735
345 3.932750
346 4.022479
347 3.876907
348 4.146097
349 4.046263
350 3.932750
351 4.036040
352 3.898874
353 3.934374
354 3.995375
355 3.919189
356 3.919189
357 3.950092
358 3.932750
359 3.966653
360 4.013194
361 3.919189
362 3.919189
363 3.925031
364 3.919189
365 3.999492
366 3.919189
367 3.888296
368 4.003771
369 4.067762
370 3.969665
371 3.919189
372 3.954625
373 3.997868
374 4.029724
375 4.074054
376 4.081323
377 4.008936
378 3.889688
379 3.929959
380 3.919189
381 3.778221
382 3.991577
383 3.919189
384 3.919189
385 3.984307
386 3.919189
387 3.919189
388 3.891804
389 4.008936
390 3.919189
391 4.036040
392 4.026892
393 3.892526
394 3.950092
395 3.899057
396 4.006761
397 3.963653
398 3.985261
399 4.259414
400 3.995375
401 3.995375
402 3.974052
403 3.995375
404 3.947935
405 3.932750
406 3.919189
407 3.919189
408 3.919189
409 3.919189
410 4.058648
411 3.997868
412 3.832452
413 3.932750
414 3.919189
415 3.888296
416 3.888296
417 3.932750
418 3.932750
419 3.907809
420 4.555493
421 4.576119
422 4.454322
423 4.483044
424 4.772429
425 4.483044
426 4.638350
427 4.837785
428 4.548162
429 4.589680
430 4.500055
431 4.507127
432 4.589680
433 4.597039
434 4.576119
435 4.514871
436 4.576119
437 4.496605
438 4.369165
439 4.424748
440 4.569695
441 4.548162
442 4.496605
443 4.483044
444 4.590491
445 4.525231
446 4.532912
447 4.483044
448 4.496605
449 4.483044
450 4.478627
451 4.604052
452 4.548162
453 4.589680
454 4.496605
455 4.546473
456 4.525231
457 4.496605
458 4.483044
459 4.483044
460 4.589680
461 4.525231
462 4.423007
463 4.549381
464 4.496605
465 4.525231
466 4.548162
467 4.483044
468 4.496605
469 4.546473
470 4.496605
471 4.544050
472 4.525231
473 4.513946
474 4.196821
475 4.604052
476 4.525231
477 4.425730
478 4.496605
479 4.496605
480 4.627429
481 5.000000
482 4.576119
483 4.525231
484 4.532912
485 4.589680
486 4.643162
487 4.483044
488 4.483044
489 4.527678
490 4.452915
491 4.507127
492 4.496135
493 4.590491
494 4.496605
495 4.525231
496 4.425092
497 4.496605
498 4.496605
499 4.496605
500 4.525231
501 4.538792
502 4.483044
503 4.520688
504 4.538792
505 4.483044
506 4.483044
507 4.496605
508 4.364433
509 4.613656
510 4.525231
511 4.620753
512 4.525231
513 4.483044
514 4.579235
515 4.483044
516 4.440761
517 4.538792
518 4.500055
519 4.599894
520 4.483044
521 4.513946
522 4.586889
523 4.483044
524 4.496605
525 4.483044
526 4.556305
527 4.496605
528 4.412169
529 4.604052
530 4.546473
531 4.496605
532 3.384897
533 3.343899
534 3.343899
535 3.343899
536 3.357460
537 3.221612
538 3.813473
539 3.167496
540 3.374202
541 3.405949
542 3.581806
543 3.503848
544 3.343899
545 3.299444
546 3.343899
547 3.530765
548 3.301616
549 3.266880
550 3.213809
551 3.256092
552 3.408507
553 3.357460
554 3.227308
555 3.418357
556 3.276222
557 3.478342
558 3.315177
559 3.517204
560 3.343899
561 3.256092
562 3.371336
563 3.343899
564 3.469508
565 3.575714
566 3.357460
567 3.646938
568 3.321846
569 3.343899
570 3.343899
571 3.371336
572 3.343899
573 3.343899
574 3.489476
575 3.207296
576 3.203987
577 3.446253
578 3.364817
579 3.174071
580 3.343899
581 3.299444
582 3.299444
583 3.537172
584 3.299444
585 3.484477
586 3.393210
587 3.288234
588 3.299444
589 3.541487
590 3.525781
591 3.343899
592 3.459685
593 3.343899
594 3.371336
595 3.177157
596 3.577914
597 2.683765
598 3.336371
599 3.357460
600 3.343899
601 3.371336
602 3.299444
603 3.301616
604 3.343899
605 3.276222
606 3.373377
607 3.235173
608 3.562063
609 3.326881
610 3.626106
611 3.343899
612 3.449375
613 3.498245
614 3.323766
615 3.469508
616 3.449746
617 3.217816
618 3.221612
619 3.511185
620 3.343899
621 3.365773
622 3.634313
623 3.343899
624 3.231768
625 3.427225
626 3.408507
627 3.343899
628 3.299444
629 3.357460
630 3.351656
631 3.459814
632 3.299444
633 3.054337
634 3.113141
635 3.357460
636 3.222223
637 3.408507
638 3.076286
639 3.657803
640 3.240869
641 3.640291
642 3.343899
643 3.496683
644 3.309481
645 3.483851
646 3.276222
647 3.693740
648 3.343899
649 3.343899
650 3.249049
651 3.360278
652 3.343899
653 3.365773
654 3.343899
655 4.251293
656 4.399865
657 4.251293
658 4.285195
659 4.378366
660 4.317365
661 4.327478
662 4.172203
663 4.327478
664 4.148263
665 4.038971
666 4.206838
667 4.400240
668 3.198711
669 3.228406
670 3.935428
671 4.251293
672 4.264854
673 4.266477
674 4.325638
675 4.327478
676 4.256323
677 4.273167
678 4.327478
679 4.206838
680 4.327478
681 4.231952
682 4.251293
683 4.206838
684 4.285337
685 4.251293
686 4.349353
687 3.832702
688 4.264854
689 4.349353
690 4.266477
691 4.251293
692 4.230955
693 4.251293
694 4.251293
695 4.400240
696 4.206838
697 4.251293
698 4.391927
699 4.303763
700 4.378366
701 4.266477
702 4.192718
703 4.251293
704 4.123120
705 4.266477
706 4.482987
707 4.251293
708 4.251293
709 4.285195
710 4.466311
711 4.317365
712 4.251293
713 4.273167
714 4.251293
715 4.158642
716 4.253349
717 4.253349
718 4.241196
719 4.120182
720 4.242762
721 4.130353
722 4.378366
723 4.251293
724 4.220399
725 4.251293
726 4.378366
727 4.251293
728 4.206838
729 4.251293
730 4.315149
731 4.264637
732 4.327478
733 4.378366
734 4.241301
735 4.330926
736 4.175156
737 4.130353
738 4.303763
739 4.323680
740 4.251293
741 4.391927
742 4.450753
743 4.378366
744 4.264854
745 4.130353
746 4.247543
747 4.327478
748 4.327478
749 4.327478
750 4.316411
751 4.251293
752 4.330926
753 4.281843
754 4.378366
755 4.228712
756 4.220399
757 4.251293
758 4.400240
759 4.146163
760 4.327478
761 4.251293
762 4.378366
763 4.264854
764 4.231628
765 4.366045
766 4.452248
767 4.318605
768 4.354977
769 4.124993
770 4.289860
771 4.223565
772 4.661837
773 4.245405
774 4.113660
775 4.289860
776 4.373695
777 4.289860
778 4.379606
779 4.274348
780 4.431304
781 4.189435
782 4.298168
783 4.246797
784 4.214077
785 4.342303
786 4.289860
787 4.325295
788 4.310523
789 4.392178
790 4.258966
791 4.289860
792 4.379606
793 4.303421
794 4.303421
795 4.366045
796 4.289860
797 4.379606
798 4.289860
799 4.311596
800 4.472785
801 4.318605
802 4.411172
803 4.553506
804 4.366045
805 4.289860
806 4.355932
807 4.416933
808 4.289860
809 4.311734
810 4.439045
811 4.289860
812 4.215522
813 4.318605
814 4.379606
815 4.303421
816 4.217724
817 4.173269
818 4.355932
819 4.366045
820 4.185796
821 4.318605
822 4.289860
823 4.366045
824 4.369492
825 4.298168
826 4.246797
827 4.289860
828 4.005497
829 4.247577
830 4.289860
831 4.289860
832 4.431163
833 4.344478
834 4.339674
835 4.245405
836 4.451993
837 4.311734
838 4.355932
839 4.303421
840 4.320762
841 4.416933
842 4.289860
843 4.416933
844 4.289860
845 4.245405
846 4.289860
847 4.355932
848 4.366045
849 4.305044
850 4.289860
851 4.303421
852 4.289860
853 4.416933
854 4.630084
855 4.248194
856 4.258966
857 4.432586
858 4.303421
859 4.258966
860 4.408214
861 4.303421
862 4.289860
863 4.305044
864 4.446690
865 4.366045
866 4.289860
867 3.857666
868 3.769067
869 3.977241
870 3.916240
871 3.901056
872 3.901056
873 3.798026
874 3.856601
875 3.856601
876 3.874961
877 3.870162
878 3.987004
879 3.828920
880 3.775396
881 4.163922
882 3.826718
883 3.901056
884 3.857993
885 4.056062
886 3.858773
887 3.857993
888 3.958955
889 3.866829
890 3.726785
891 3.724613
892 3.844105
893 3.957290
894 3.901056
895 3.668742
896 3.867362
897 3.858773
898 3.856601
899 3.901056
900 3.901056
901 3.980689
902 3.916240
903 3.995061
904 3.856601
905 3.744544
906 3.916240
907 3.814318
908 3.856601
909 3.856601
910 3.914617
911 3.977241
912 3.973443
913 3.929801
914 3.901056
915 3.798389
916 3.901056
917 3.804354
918 3.870162
919 3.858773
920 3.720024
921 3.914617
922 3.889797
923 4.079626
924 3.916240
925 3.571464
926 3.981500
927 3.768703
928 3.966174
929 4.028129
930 3.856601
931 3.872889
932 3.901056
933 3.914617
934 3.977241
935 3.977241
936 3.856601
937 3.956435
938 3.856601
939 3.901056
940 3.901056
941 3.856601
942 3.901056
943 3.769067
944 3.856601
945 3.818748
946 3.833896
947 3.813249
948 4.123825
949 3.881112
950 3.901056
951 4.002188
952 3.481540
953 3.973443
954 3.929801
955 3.901056
956 3.348514
957 3.856601
958 3.856601
959 3.688828
960 3.977241
961 3.856601
962 3.813158
963 3.691735
964 3.901056
965 3.818748
966 3.901056
967 3.977241
968 4.056062
969 3.719843
970 3.916025
971 3.814318
972 3.901056
973 3.930534
974 3.901056
975 3.704844
976 1.651349
977 1.693631
978 1.684975
979 1.829781
980 1.707192
981 1.571345
982 1.599994
983 1.729811
984 1.656540
985 1.693631
986 1.664466
987 1.766631
988 1.492154
989 1.903616
990 1.658292
991 1.346946
992 1.697716
993 1.664466
994 1.331276
995 1.707192
996 1.715294
997 1.556746
998 1.231120
999 1.707192
1000 2.087473
1001 2.396809
1002 1.742862
1003 1.658292
1004 1.529062
1005 1.571345
1006 1.819048
1007 1.769817
1008 1.956101
1009 1.579266
1010 1.578589
1011 1.819048
1012 1.346946
1013 1.664466
1014 1.436383
1015 1.912274
1016 1.677339
1017 1.606254
1018 1.722520
1019 1.678027
1020 1.693631
1021 1.450031
1022 1.346946
1023 1.693631
1024 1.783378
1025 1.651349
1026 2.681475
1027 1.862232
1028 1.850853
1029 1.716250
1030 1.729811
1031 1.664466
1032 1.786897
1033 1.426705
1034 1.727258
1035 1.687084
1036 1.664909
1037 1.553414
1038 1.642979
1039 1.591350
1040 1.651349
1041 1.401059
1042 1.687084
1043 1.894711
1044 1.635744
1045 1.153211
1046 1.693631
1047 1.724105
1048 1.563609
1049 1.802940
1050 2.367734
1051 1.729811
1052 1.693631
1053 1.641561
1054 1.504173
1055 1.664466
1056 1.664909
1057 1.664466
1058 1.899222
1059 1.656540
1060 1.664909
1061 1.952262
1062 1.578589
1063 1.707192
1064 1.613653
1065 1.664466
1066 1.707192
1067 1.600450
1068 1.183831
1069 1.591367
1070 1.924357
1071 1.687120
1072 1.724105
1073 1.406755
1074 1.805996
1075 1.693631
1076 1.707192
1077 1.451696
1078 2.182885
1079 1.716250
1080 1.851906
1081 1.696089
1082 1.896926
1083 1.785665
1084 1.716250
1085 1.640629
1086 1.693631
1087 1.663231
1088 2.341091
1089 2.162692
1090 2.385546
1091 2.442559
1092 2.481196
1093 2.385546
1094 2.117864
1095 2.626265
1096 2.573776
1097 2.385546
1098 2.399107
1099 2.226465
1100 2.481196
1101 2.903448
1102 2.577764
1103 2.092010
1104 2.550837
1105 2.840934
1106 2.711962
1107 2.385546
1108 2.505685
1109 2.341091
1110 2.396680
1111 2.490253
1112 2.385546
1113 2.402550
1114 2.169102
1115 2.465945
1116 2.453171
1117 2.341091
1118 2.385546
1119 2.237617
1120 2.443426
1121 2.363768
1122 2.593284
1123 2.573776
1124 2.534647
1125 2.747049
1126 3.253042
1127 2.385546
1128 2.385546
1129 2.399107
1130 2.399107
1131 2.122139
1132 2.713029
1133 2.564203
1134 2.467635
1135 2.385546
1136 2.122139
1137 2.859069
1138 2.350207
1139 2.307021
1140 2.968737
1141 2.399107
1142 2.312370
1143 2.198634
1144 2.385546
1145 2.399107
1146 2.084276
1147 2.248943
1148 2.356824
1149 2.385546
1150 2.365882
1151 2.355417
1152 2.528106
1153 2.323169
1154 2.370249
1155 2.623144
1156 2.385909
1157 2.341091
1158 3.454706
1159 2.550962
1160 2.251388
1161 1.832487
1162 2.121378
1163 2.568280
1164 2.122139
1165 2.639826
1166 2.356824
1167 2.500438
1168 2.236854
1169 2.710757
1170 2.385546
1171 2.400295
1172 2.439610
1173 2.385546
1174 2.478742
1175 2.764182
1176 2.470235
1177 2.577764
1178 2.663683
1179 2.740622
1180 2.077684
1181 2.071494
1182 2.385546
1183 2.287149
1184 2.385546
1185 2.399107
1186 2.495505
1187 2.470227
1188 2.399107
1189 2.309410
1190 2.844467
1191 2.385546
1192 2.385546
1193 2.635278
1194 2.892027
1195 2.692121
1196 2.239441
1197 3.050184
1198 2.510400
1199 2.626265
1200 2.343263
1201 2.515393
1202 2.639826
1203 2.341091
1204 2.848133
1205 3.335330
1206 2.994256
1207 3.333743
1208 3.019649
1209 3.355335
1210 2.749518
1211 3.061932
1212 3.031038
1213 2.802808
1214 3.270305
1215 3.210160
1216 2.958903
1217 2.985980
1218 3.084551
1219 3.084551
1220 3.177106
1221 3.067533
1222 3.122184
1223 3.075493
1224 3.259674
1225 3.210160
1226 3.084551
1227 3.045039
1228 3.296753
1229 3.431059
1230 3.491316
1231 3.040096
1232 3.075493
1233 3.075493
1234 3.149159
1235 3.013209
1236 3.017478
1237 3.008689
1238 3.061932
1239 3.084551
1240 3.098112
1241 2.581951
1242 3.187541
1243 3.084551
1244 3.365058
1245 3.361307
1246 3.017478
1247 3.342988
1248 3.061932
1249 2.981521
1250 3.061932
1251 2.908599
1252 3.067533
1253 2.973787
1254 3.333364
1255 3.140521
1256 3.017478
1257 3.053657
1258 3.061932
1259 3.321798
1260 3.138222
1261 3.351704
1262 3.017478
1263 3.373579
1264 3.199973
1265 3.340363
1266 3.184261
1267 3.138222
1268 3.019649
1269 3.332932
1270 2.917809
1271 3.361180
1272 3.000725
1273 3.098112
1274 3.084551
1275 2.960600
1276 3.319371
1277 3.053657
1278 3.323500
1279 3.105468
1280 3.429725
1281 4.148140
1282 3.175327
1283 3.310314
1284 3.040096
1285 3.214276
1286 3.313115
1287 3.135657
1288 3.200863
1289 3.075493
1290 3.081094
1291 3.126540
1292 2.947947
1293 3.040096
1294 3.210416
1295 3.017478
1296 2.840047
1297 3.061932
1298 3.075493
1299 3.061932
1300 2.990799
1301 3.098112
1302 3.048421
1303 3.331260
1304 3.084551
1305 3.017478
1306 2.790463
1307 3.017478
1308 3.149159
1309 2.997917
1310 3.044311
1311 3.434211
1312 3.084551
1313 3.333970
1314 3.099751
1315 3.017478
1316 3.061932
1317 3.061932
1318 3.409251
1319 4.530788
1320 4.489754
1321 4.421980
1322 3.192820
1323 4.507858
1324 4.394796
1325 4.465670
1326 4.465670
1327 4.479231
1328 4.609031
1329 4.465670
1330 4.465670
1331 4.465670
1332 4.465670
1333 4.521419
1334 4.479231
1335 4.394796
1336 4.465670
1337 4.465670
1338 4.493486
1339 4.758336
1340 4.586678
1341 4.347243
1342 4.465670
1343 4.465670
1344 4.558745
1345 4.479231
1346 4.465670
1347 4.465670
1348 4.465670
1349 4.465670
1350 4.507858
1351 4.421980
1352 4.479231
1353 4.465670
1354 4.521419
1355 4.507858
1356 4.479231
1357 4.486610
1358 4.479231
1359 4.465670
1360 4.465670
1361 4.465670
1362 4.465670
1363 4.465670
1364 4.500171
1365 4.465670
1366 4.465670
1367 4.423387
1368 4.479231
1369 4.138759
1370 4.465670
1371 4.480640
1372 4.465670
1373 4.456964
1374 4.419194
1375 4.465670
1376 4.465670
1377 4.394796
1378 4.393535
1379 4.465670
1380 4.465670
1381 4.464997
1382 4.465670
1383 4.507858
1384 4.529099
1385 4.393535
1386 4.465670
1387 4.407096
1388 4.394796
1389 4.507858
1390 4.465670
1391 4.465670
1392 4.479231
1393 4.419194
1394 4.465670
1395 4.465670
1396 4.465670
1397 4.394796
1398 4.386039
1399 4.507858
1400 4.455364
1401 4.479231
1402 4.530834
1403 4.394796
1404 4.422319
1405 4.465670
1406 4.573117
1407 4.405634
1408 4.507858
1409 4.544395
1410 4.465670
1411 4.465670
1412 4.465670
1413 4.465670
1414 4.507858
1415 4.405634
1416 4.465670
1417 4.435722
1418 4.244265
1419 4.558745
1420 4.479231
1421 2.604159
1422 2.760732
1423 2.550044
1424 2.648614
1425 2.648614
1426 2.613275
1427 2.662175
1428 2.686217
1429 2.648614
1430 2.671232
1431 2.688840
1432 2.679179
1433 2.648614
1434 2.648614
1435 2.662175
1436 2.648614
1437 2.982730
1438 3.104399
1439 2.676051
1440 2.671232
1441 2.662175
1442 2.560469
1443 2.614921
1444 2.889333
1445 2.617720
1446 2.550044
1447 2.462908
1448 2.662175
1449 2.746741
1450 2.662175
1451 2.594499
1452 2.829486
1453 2.804652
1454 2.604159
1455 2.536521
1456 2.648614
1457 2.648614
1458 2.953584
1459 2.804652
1460 2.993166
1461 2.580938
1462 2.617720
1463 2.671232
1464 2.676587
1465 3.125491
1466 2.676051
1467 2.660118
1468 2.648614
1469 2.804652
1470 2.660118
1471 2.782673
1472 2.676143
1473 2.985136
1474 2.662175
1475 2.671232
1476 2.604159
1477 2.704573
1478 2.733295
1479 2.614921
1480 2.980621
1481 2.648614
1482 3.207580
1483 2.804652
1484 2.440289
1485 2.334562
1486 3.050929
1487 2.612571
1488 2.604159
1489 2.442564
1490 2.237476
1491 2.762009
1492 2.648614
1493 2.746856
1494 3.064490
1495 2.476198
1496 2.662175
1497 2.889333
1498 2.626778
1499 2.648614
1500 2.671232
1501 2.662175
1502 2.583555
1503 2.671232
1504 2.556835
1505 2.648614
1506 2.662175
1507 2.145353
1508 3.026134
1509 2.648614
1510 2.426728
1511 2.648614
1512 3.034937
1513 2.676051
1514 2.648614
1515 2.662175
1516 2.648614
1517 2.662175
1518 2.556814
1519 2.716277
1520 2.543331
1521 2.903673
1522 2.266856
1523 2.468008
1524 2.889333
1525 2.572336
1526 4.122383
1527 2.617720
1528 2.604159
1529 2.648614
1530 3.513897
1531 2.526327
1532 2.648614
1533 2.648614
1534 2.802306
1535 2.648614
1536 2.606331
1537 2.621163
1538 2.648614
1539 2.648614
1540 3.104399
1541 2.648614
1542 2.606331
1543 2.619892
1544 2.648600
1545 2.984970
1546 3.919189
1547 4.001786
1548 3.798502
1549 3.919189
1550 3.897883
1551 4.196953
1552 3.919189
1553 3.888296
1554 3.787201
1555 4.354690
1556 3.995375
1557 3.871308
1558 3.973089
1559 3.812891
1560 3.919189
1561 3.919189
1562 3.932750
1563 3.899246
1564 4.082509
1565 3.956033
1566 3.995375
1567 3.932750
1568 3.888296
1569 3.932750
1570 3.941064
1571 3.919189
1572 3.932750
1573 3.919189
1574 3.936090
1575 3.919189
1576 3.999633
1577 3.912807
1578 4.035069
1579 3.723619
1580 3.961681
1581 3.995375
1582 3.874735
1583 3.831291
1584 3.919189
1585 3.932750
1586 4.046263
1587 3.831291
1588 4.097760
1589 3.991577
1590 3.934374
1591 3.919189
1592 3.919189
1593 3.956248
1594 3.932750
1595 3.919189
1596 4.005138
1597 3.985261
1598 3.932750
1599 3.831291
1600 3.932750
1601 3.932750
1602 3.941064
1603 3.942881
1604 4.060634
1605 3.488909
1606 4.017249
1607 3.932750
1608 4.045032
1609 3.890196
1610 3.919189
1611 3.999633
1612 3.840671
1613 3.934374
1614 4.059823
1615 3.992275
1616 3.874735
1617 3.919189
1618 3.889688
1619 3.739508
1620 3.816867
1621 3.919189
1622 3.874735
1623 3.932750
1624 4.039190
1625 4.083388
1626 3.896609
1627 3.995375
1628 3.919189
1629 3.748112
1630 3.995375
1631 3.889704
1632 3.874735
1633 4.005138
1634 4.008936
1635 3.786836
1636 3.934374
1637 3.609405
1638 3.991577
1639 3.941064
1640 4.068137
1641 4.017316
1642 3.960247
1643 3.845486
1644 3.995375
1645 3.853166
1646 3.899246
1647 4.142701
1648 1.280681
1649 1.424890
1650 1.391196
1651 1.374237
1652 1.161482
1653 1.104817
1654 1.315662
1655 1.460596
1656 1.233843
1657 1.485569
1658 1.031096
1659 2.028180
1660 1.424890
1661 1.424890
1662 1.519869
1663 1.460596
1664 1.407143
1665 1.424890
1666 2.311885
1667 1.424890
1668 1.395724
1669 1.331954
1670 1.395724
1671 1.409285
1672 1.382607
1673 1.424890
1674 1.477586
1675 1.401135
1676 1.424890
1677 1.385417
1678 1.424890
1679 1.049039
1680 1.359690
1681 1.318055
1682 1.460596
1683 1.145878
1684 1.424890
1685 1.078204
1686 1.395724
1687 1.353441
1688 1.324720
1689 1.499193
1690 1.161482
1691 1.353441
1692 1.181386
1693 1.424890
1694 1.395724
1695 1.424890
1696 1.438450
1697 1.279995
1698 1.396168
1699 1.690344
1700 1.438450
1701 1.395724
1702 1.424890
1703 1.409285
1704 1.496330
1705 1.358805
1706 1.337150
1707 1.173363
1708 1.247532
1709 1.412695
1710 1.222056
1711 1.424890
1712 1.461069
1713 1.475787
1714 1.418343
1715 1.418343
1716 1.338642
1717 1.197654
1718 1.395724
1719 1.241908
1720 1.586320
1721 1.323589
1722 1.424890
1723 1.424890
1724 1.302101
1725 1.460596
1726 1.000000
1727 1.294816
1728 1.460596
1729 1.608255
1730 1.444955
1731 1.395724
1732 1.483689
1733 1.056719
1734 2.242739
1735 1.319061
1736 1.197654
1737 1.172539
1738 1.496330
1739 1.469935
1740 1.395724
1741 1.078204
1742 1.424890
1743 1.371907
1744 1.418343
1745 1.381600
1746 1.363748
1747 1.350660
1748 1.188414
1749 1.392503
1750 1.424890
1751 2.153791
1752 1.360874
1753 1.402638
1754 1.374237
1755 1.061559
1756 1.737118
1757 1.737118
1758 1.766283
1759 1.243137
1760 1.484328
1761 2.162919
1762 1.990588
1763 1.788901
1764 1.972804
1765 2.067484
1766 1.759736
1767 1.766283
1768 1.848372
1769 1.737561
1770 1.694148
1771 1.745480
1772 1.643996
1773 1.308311
1774 1.766283
1775 1.779844
1776 1.737118
1777 1.680291
1778 1.565572
1779 1.673348
1780 1.946663
1781 2.701970
1782 2.427460
1783 1.946123
1784 1.744505
1785 1.515259
1786 1.502876
1787 1.729191
1788 1.786349
1789 1.694835
1790 1.555799
1791 1.737561
1792 1.750679
1793 1.788901
1794 1.766283
1795 1.786349
1796 1.766283
1797 1.766283
1798 1.818262
1799 1.779844
1800 1.788901
1801 1.481081
1802 1.694148
1803 1.575830
1804 1.766283
1805 1.819206
1806 1.746619
1807 1.766283
1808 2.304386
1809 1.766283
1810 1.750679
1811 1.760598
1812 1.766283
1813 1.665426
1814 1.779844
1815 2.507138
1816 1.724000
1817 1.607855
1818 1.918253
1819 1.879254
1820 1.766283
1821 1.585422
1822 1.389562
1823 1.737118
1824 1.766283
1825 1.437508
1826 1.686465
1827 1.779844
1828 1.707709
1829 1.766283
1830 1.502876
1831 1.914924
1832 1.694148
1833 1.703707
1834 1.865693
1835 1.502876
1836 1.356410
1837 1.779844
1838 1.737118
1839 1.737118
1840 2.064175
1841 1.946663
1842 1.498832
1843 1.766283
1844 1.661011
1845 1.900951
1846 1.467520
1847 1.779844
1848 1.702267
1849 1.502876
1850 1.664982
1851 1.737561
1852 1.325270
1853 1.738249
1854 1.946191
1855 1.737118
1856 1.691621
1857 1.737118
1858 1.694835
1859 1.766283
1860 1.766283
1861 1.921529
1862 1.801678
1863 1.766283
1864 1.766283
1865 1.708189
1866 1.652695
1867 2.053923
1868 1.742862
1869 1.678027
1870 1.664909
1871 1.894844
1872 1.693631
1873 1.642785
1874 1.664466
1875 1.676451
1876 1.658292
1877 1.394869
1878 1.693631
1879 1.693631
1880 1.693631
1881 1.644114
1882 1.880073
1883 1.760285
1884 1.693631
1885 1.716250
1886 1.930562
1887 1.621496
1888 2.219475
1889 1.724105
1890 1.550048
1891 1.693631
1892 1.566011
1893 1.736123
1894 1.559630
1895 1.430224
1896 2.276194
1897 1.716250
1898 1.687084
1899 1.346946
1900 1.664466
1901 1.430224
1902 1.708929
1903 1.624407
1904 1.340526
1905 1.697042
1906 1.977785
1907 1.569124
1908 1.366209
1909 1.487035
1910 1.331342
1911 1.707192
1912 1.452843
1913 1.642979
1914 1.709327
1915 1.707192
1916 1.746555
1917 1.678027
1918 1.594936
1919 1.707192
1920 1.532024
1921 1.757245
1922 1.680029
1923 1.479455
1924 1.599289
1925 1.658292
1926 1.648134
1927 1.674584
1928 2.086390
1929 1.394868
1930 1.707192
1931 1.859174
1932 1.414789
1933 1.761256
1934 1.742862
1935 1.800719
1936 1.711242
1937 1.707192
1938 1.665531
1939 1.707192
1940 2.418219
1941 2.008333
1942 1.606254
1943 1.594936
1944 1.687815
1945 1.585775
1946 1.715065
1947 1.613814
1948 1.760116
1949 1.997733
1950 1.651349
1951 1.499209
1952 1.687528
1953 1.410092
1954 1.622183
1955 1.758459
1956 1.293741
1957 2.182503
1958 1.724105
1959 1.665597
1960 1.693631
1961 1.894383
1962 1.693631
1963 1.378719
1964 1.693631
1965 1.682026
1966 1.911463
1967 1.664466
1968 2.303979
1969 1.707192
1970 1.693631
1971 1.664466
1972 1.664466
1973 1.423019
1974 1.707192
1975 1.394868
1976 1.651349
1977 1.346946
1978 1.663044
1979 1.361613
1980 1.609891
1981 1.693631
1982 1.849771
1983 1.559387
1984 1.360873
1985 1.316418
1986 1.204896
1987 1.360873
1988 2.769376
1989 1.001113
1990 1.360873
1991 1.184430
1992 1.332151
1993 2.736865
1994 1.316418
1995 1.316418
1996 1.374643
1997 1.303922
1998 1.293196
1999 1.224935
2000 1.325533
2001 1.000000
2002 1.248742
2003 1.332151
2004 1.177556
2005 1.135227
2006 1.177556
2007 1.229181
2008 1.296857
2009 1.316418
2010 1.487946
2011 1.316418
2012 1.360873
2013 1.317182
2014 1.303922
2015 1.437058
2016 1.046820
2017 1.316418
2018 1.360873
2019 1.224270
2020 1.000000
2021 1.437058
2022 1.437058
2023 1.000000
2024 1.196450
2025 1.277031
2026 1.197990
2027 1.133101
2028 1.099408
2029 1.329979
2030 1.802946
2031 1.360873
2032 1.177556
2033 1.360873
2034 1.316418
2035 1.000000
2036 1.374434
2037 1.360873
2038 1.145640
2039 1.182889
2040 1.374434
2041 1.360873
2042 1.360873
2043 1.316418
2044 1.360873
2045 1.319149
2046 1.777307
2047 1.788982
2048 1.360873
2049 1.114055
2050 1.188884
2051 1.360873
2052 1.151995
2053 2.305921
2054 1.121207
2055 1.332151
2056 1.360873
2057 1.316418
2058 1.360873
2059 1.437058
2060 1.360873
2061 1.338032
2062 1.450619
2063 1.130314
2064 1.202793
2065 1.182889
2066 1.293196
2067 1.360873
2068 1.589832
2069 1.191117
2070 1.360873
2071 1.248742
2072 1.437058
2073 1.584896
2074 1.388805
2075 1.360873
2076 1.360873
2077 1.221061
2078 1.325533
2079 1.806745
2080 1.437058
2081 1.360873
2082 2.241570
2083 2.198508
2084 2.140506
2085 2.191159
2086 2.178041
2087 2.220324
2088 2.115246
2089 2.220324
2090 2.264990
2091 2.169671
2092 2.561536
2093 2.400163
2094 2.220324
2095 2.191159
2096 2.210303
2097 2.302452
2098 2.233885
2099 2.119023
2100 2.225186
2101 2.178041
2102 2.332513
2103 2.346958
2104 2.673671
2105 2.488987
2106 2.302413
2107 1.813004
2108 2.320653
2109 2.458199
2110 2.191602
2111 2.262169
2112 2.275839
2113 2.220324
2114 2.378377
2115 2.233885
2116 2.400163
2117 2.487185
2118 2.220324
2119 2.251760
2120 2.626853
2121 2.636952
2122 2.084173
2123 2.233885
2124 2.191159
2125 2.233885
2126 2.127143
2127 2.191159
2128 2.114025
2129 2.204720
2130 1.854600
2131 2.223735
2132 2.183232
2133 2.227272
2134 2.302452
2135 2.220324
2136 2.461456
2137 2.178041
2138 2.204720
2139 2.191159
2140 2.140506
2141 2.233885
2142 2.433662
2143 2.154067
2144 2.362896
2145 2.191159
2146 2.220324
2147 2.220324
2148 2.233885
2149 2.098223
2150 2.233885
2151 2.213777
2152 2.191159
2153 2.220324
2154 2.304452
2155 2.521738
2156 2.098410
2157 2.774499
2158 2.191159
2159 2.178041
2160 2.372782
2161 2.233885
2162 2.645664
2163 2.213777
2164 2.350163
2165 2.220324
2166 2.176685
2167 2.225186
2168 2.223864
2169 2.390438
2170 1.813004
2171 2.161713
2172 2.119023
2173 2.593793
2174 2.191159
2175 2.979624
2176 2.394626
2177 2.220324
2178 2.225186
2179 2.068370
2180 1.813004
2181 2.304452
2182 2.220324
